cos(50deg) f32 (0.6427876): 1 hits
  @0x63670c: 1.62452e+19 2.81236e+29 1.56945e-43 0.999999 0.642788 0.173648 0.00138889 -0.00138889 -3.40282e+38
cos(55deg) f32 (0.5735764): 0 hits
cos(45deg) f32 (0.7071068): 5 hits
  @0x5d1c5b: -1.07354e+8 -6.46816e+19 1.87141e-35 2.02854e-38 0.707107 -1.74111e-17 -1.02420e+8 -1.07374e+8 -1.07374e+8
  @0x5e7548: 1.06473e+27 4.26285e+27 5.55675e-11 1.38729e-43 0.707107 0.382683 0.923880 1.06473e+27 1.74607e+31
  @0x6bd6ac: 2.80260e-45 4.20390e-45 7.00649e-45 6.28319 0.707107 6.28319 -0.500000 0.866025 1.41421
  @0x6bdc10: 0.773010 0.757209 0.740951 0.724247 0.707107 0.689541 0.671559 0.653173 0.634393
  @0x6bdea4: 2.82843 2.00000 1.41421 1.00000 0.707107 0.500000 0.353553 0.250000 0.176777
cos(60deg) f32 (0.5000000): 278 hits
  @0x86df3: 2.19135 1.87827e-38 -222.000 -8.46741e+7 0.500000 -16.3757 2.42760e-17 -1.02236e+8 -1.07374e+8
  @0x1d285d: 2.68507e+13 4477.57 1.01380e-9 -2.99314e+20 0.500000 8.95051e-41 9.12711e-7 -45.3014 1.22024e+32
  @0x1d35e6: -4.15634 1.27793e-38 8.29252e-19 -2.99260e+20 0.500000 8.95051e-41 1.93292e-28 NaN 3.65155e-37
  @0x1d4f15: 1.89160e-31 2.19847e-36 -45.2584 1.73865e-16 0.500000 8.54792e-44 -6.39276e-31 NaN 3.33270e-18
  @0x1d4f76: NaN 5.29000e-38 -2.74528e-32 -1.19298e+21 0.500000 -9.39700e-38 3.50325e-43 -2.76768e+33 NaN
  @0x1d5494: 2.19847e-36 -45.2584 1.94043e-37 1.11022e-16 0.500000 8.54792e-44 -6.33113e-31 NaN 1.63391e-21
